000000 0000 1111
000001 0001 1111
000010 0010 1111
000011 0011 1111
000100 0100 1111
000101 0101 1111
000110 0110 1111
000111 0111 1111
001000 0001 1111
001001 0010 1111
001010 0011 1111
001011 0100 1111
001100 0101 1111
001101 0110 1111
001110 0111 1111
001111 1000 1111
010000 0010 1111
010001 0011 1111
010010 0100 1111
010011 0101 1111
010100 0110 1111
010101 0111 1111
010110 1000 1111
010111 1001 1111
011000 0011 1111
011001 0100 1111
011010 0101 1111
011011 0110 1111
011100 0111 1111
011101 1000 1111
011110 1001 1111
011111 1010 1111
100000 0100 1111
100001 0101 1111
100010 0110 1111
100011 0111 1111
100100 1000 1111
100101 1001 1111
100110 1010 1111
100111 1011 1111
101000 0101 1111
101001 0110 1111
101010 0111 1111
101011 1000 1111
101100 1001 1111
101101 1010 1111
101110 1011 1111
101111 1100 1111
110000 0110 1111
110001 0111 1111
110010 1000 1111
110011 1001 1111
110100 1010 1111
110101 1011 1111
110110 1100 1111
110111 1101 1111
111000 0111 1111
111001 1000 1111
111010 1001 1111
111011 1010 1111
111100 1011 1111
111101 1100 1111
111110 1101 1111
111111 1110 1111
